00111111
0001d1a4
0000141b
00000014
00000000	
00000001
00000002
00000003
00000004
3406000a
8c8e0000
8caf0000
f9cfc000
02388820
20840004
20a50004
21290001
0126102a
1440fff7
0c000012
08000011
00118843
f0110000
ABAAAAAA
03e00008 
00000000
00000000
00000000
00000000
00000000
00000000
00000000
AAAAAA30
AAAAAAAA
AAAAAAAA
AAAAAAAA
AAAAAAAA
00000000
00000000
00000000
00000000
00000001
00000040
00000000
00000000 
00000000
00000000
00000000 
00000000
00000000
00000000
00000000
00000050
00000000
00000000
00000000
00000000
00000000
00000000
00000000
00000000
00000000
00000060
00000000
00000000
000000A0
000000A0
00000010
00400010
00000010
ffffffff
00000010
ffffffff
00000010
ffffffff
00000010
ffffffff
00000004
00000001
00000001
00000001
00000001
00000001
00000001
00000001
00000001
00000001
00000001
00000001
00000001
00000000
00000000
00000001
00000001
00000001
00000001
00000000
00000000
00000000
00000000
00000000
00000000
00000000
00000000
00000000
00000000
00000000
00000000
00000000
00000000
00000000
00000000
00000000
00000000
00000000
00000000 
00000000
00000000
